{
 "cells": [
  {
   "cell_type": "code",
   "execution_count": 1,
   "metadata": {
    "ExecuteTime": {
     "end_time": "2024-12-14T02:20:06.108459Z",
     "start_time": "2024-12-14T02:20:06.100481Z"
    }
   },
   "outputs": [],
   "source": [
    "import numpy as np\n",
    "import cirq\n",
    "\n",
    "from recirq.hfvqe.gradient_hf import rhf_func_generator\n",
    "from recirq.hfvqe.opdm_functionals import OpdmFunctional\n",
    "from recirq.hfvqe.analysis import (\n",
    "    compute_opdm, mcweeny_purification,\n",
    "    resample_opdm, fidelity_witness,\n",
    "    fidelity)\n",
    "from recirq.hfvqe.third_party.higham import fixed_trace_positive_projection\n",
    "from recirq.hfvqe.molecular_example import make_h6_1_3"
   ]
  },
  {
   "cell_type": "code",
   "execution_count": 2,
   "metadata": {},
   "outputs": [
    {
     "name": "stdout",
     "output_type": "stream",
     "text": [
      "Optimization terminated successfully.\n",
      "         Current function value: -2.924060\n",
      "         Iterations: 7\n",
      "         Function evaluations: 15\n",
      "         Gradient evaluations: 15\n"
     ]
    }
   ],
   "source": [
    "rhf_objective, molecule, parameters, obi, tbi = make_h6_1_3()\n",
    "ansatz, energy, gradient = rhf_func_generator(rhf_objective)\n",
    "\n",
    "# settings for quantum resources\n",
    "qubits = [cirq.GridQubit(0, x) for x in range(molecule.n_orbitals)]\n",
    "sampler = cirq.Simulator(dtype=np.complex128)  # this can be a QuantumEngine\n",
    "\n",
    "# OpdmFunctional contains an interface for running experiments\n",
    "opdm_func = OpdmFunctional(qubits=qubits,\n",
    "                           sampler=sampler,\n",
    "                           constant=molecule.nuclear_repulsion,\n",
    "                           one_body_integrals=obi,\n",
    "                           two_body_integrals=tbi,\n",
    "                           # only simulate spin-up electrons:\n",
    "                           num_electrons=molecule.n_electrons // 2,\n",
    "                           clean_xxyy=True,\n",
    "                           purification=True\n",
    "                           )"
   ]
  },
  {
   "cell_type": "code",
   "execution_count": 3,
   "metadata": {},
   "outputs": [
    {
     "name": "stderr",
     "output_type": "stream",
     "text": [
      "/tmp/ipykernel_2049/2348574811.py:8: DeprecationWarning: `alltrue` is deprecated as of NumPy 1.25.0, and will be removed in NumPy 2.0. Please use `all` instead.\n",
      "  opdm, var_dict = compute_opdm(measurement_data, return_variance=True)\n",
      "/tmp/ipykernel_2049/2348574811.py:8: DeprecationWarning: `alltrue` is deprecated as of NumPy 1.25.0, and will be removed in NumPy 2.0. Please use `all` instead.\n",
      "  opdm, var_dict = compute_opdm(measurement_data, return_variance=True)\n",
      "/tmp/ipykernel_2049/2348574811.py:8: DeprecationWarning: `alltrue` is deprecated as of NumPy 1.25.0, and will be removed in NumPy 2.0. Please use `all` instead.\n",
      "  opdm, var_dict = compute_opdm(measurement_data, return_variance=True)\n",
      "/tmp/ipykernel_2049/2348574811.py:8: DeprecationWarning: `alltrue` is deprecated as of NumPy 1.25.0, and will be removed in NumPy 2.0. Please use `all` instead.\n",
      "  opdm, var_dict = compute_opdm(measurement_data, return_variance=True)\n",
      "/tmp/ipykernel_2049/2348574811.py:8: DeprecationWarning: `alltrue` is deprecated as of NumPy 1.25.0, and will be removed in NumPy 2.0. Please use `all` instead.\n",
      "  opdm, var_dict = compute_opdm(measurement_data, return_variance=True)\n",
      "/tmp/ipykernel_2049/2348574811.py:8: DeprecationWarning: `alltrue` is deprecated as of NumPy 1.25.0, and will be removed in NumPy 2.0. Please use `all` instead.\n",
      "  opdm, var_dict = compute_opdm(measurement_data, return_variance=True)\n"
     ]
    },
    {
     "name": "stdout",
     "output_type": "stream",
     "text": [
      "Canonical Hartree-Fock energy  -2.9240604849733085\n",
      "True energy  -2.9240604849722285\n",
      "Raw energy  -2.9246902808731647 +-  0.0015119777791862427\n",
      "Raw fidelity witness  1.0021661947148985 +-  0.0020616046796291723\n",
      "purified energy  -2.9240427709725982 +-  9.691513666695864e-06\n",
      "Purified fidelity witness  0.9999651716754931 +-  1.2269393863063033e-05\n",
      "Purified fidelity  0.999982586496264 +-  6.134595581661331e-06\n"
     ]
    }
   ],
   "source": [
    "# 1.\n",
    "# default to 250_000 shots for each circuit.\n",
    "# 7 circuits total, printed for your viewing pleasure\n",
    "# return value is a dictionary with circuit results for each permutation\n",
    "measurement_data = opdm_func.calculate_data(parameters)\n",
    "\n",
    "# 2.\n",
    "opdm, var_dict = compute_opdm(measurement_data, return_variance=True)\n",
    "opdm_pure = mcweeny_purification(opdm)\n",
    "\n",
    "# 3.\n",
    "raw_energies = []\n",
    "raw_fidelity_witness = []\n",
    "purified_eneriges = []\n",
    "purified_fidelity_witness = []\n",
    "purified_fidelity = []\n",
    "true_unitary = ansatz(parameters)\n",
    "nocc = molecule.n_electrons // 2\n",
    "nvirt = molecule.n_orbitals - nocc\n",
    "initial_fock_state = [1] * nocc + [0] * nvirt\n",
    "\n",
    "# 1000 repetitions of the measurement\n",
    "for _ in range(1000):  \n",
    "    new_opdm = resample_opdm(opdm, var_dict)\n",
    "    raw_energies.append(opdm_func.energy_from_opdm(new_opdm))\n",
    "    raw_fidelity_witness.append(\n",
    "        fidelity_witness(target_unitary=true_unitary,\n",
    "                         omega=initial_fock_state,\n",
    "                         measured_opdm=new_opdm)\n",
    "    )\n",
    "    # fix positivity and trace of sampled 1-RDM if strictly outside\n",
    "    # feasible set\n",
    "    w, v = np.linalg.eigh(new_opdm)\n",
    "    if len(np.where(w < 0)[0]) > 0:\n",
    "        new_opdm = fixed_trace_positive_projection(new_opdm, nocc)\n",
    "\n",
    "    new_opdm_pure = mcweeny_purification(new_opdm)\n",
    "    purified_eneriges.append(opdm_func.energy_from_opdm(new_opdm_pure))\n",
    "    purified_fidelity_witness.append(\n",
    "        fidelity_witness(target_unitary=true_unitary,\n",
    "                         omega=initial_fock_state,\n",
    "                         measured_opdm=new_opdm_pure)\n",
    "    )\n",
    "    purified_fidelity.append(\n",
    "        fidelity(target_unitary=true_unitary,\n",
    "                 measured_opdm=new_opdm_pure)\n",
    "    )\n",
    "print(\"Canonical Hartree-Fock energy \", molecule.hf_energy)\n",
    "print(\"True energy \", energy(parameters))\n",
    "print(\"Raw energy \", opdm_func.energy_from_opdm(opdm),\n",
    "      \"+- \", np.std(raw_energies))\n",
    "print(\"Raw fidelity witness \", np.mean(raw_fidelity_witness).real,\n",
    "      \"+- \", np.std(raw_fidelity_witness))\n",
    "print(\"purified energy \", opdm_func.energy_from_opdm(opdm_pure),\n",
    "      \"+- \", np.std(purified_eneriges))\n",
    "print(\"Purified fidelity witness \", np.mean(purified_fidelity_witness).real,\n",
    "      \"+- \", np.std(purified_fidelity_witness))\n",
    "print(\"Purified fidelity \", np.mean(purified_fidelity).real,\n",
    "      \"+- \", np.std(purified_fidelity))"
   ]
  },
  {
   "cell_type": "code",
   "execution_count": 4,
   "metadata": {},
   "outputs": [
    {
     "name": "stdout",
     "output_type": "stream",
     "text": [
      "\n",
      "ITERATION NUMBER :  0\n",
      "\n",
      " unitary\n",
      "[[1. 0. 0. 0. 0. 0.]\n",
      " [0. 1. 0. 0. 0. 0.]\n",
      " [0. 0. 1. 0. 0. 0.]\n",
      " [0. 0. 0. 1. 0. 0.]\n",
      " [0. 0. 0. 0. 1. 0.]\n",
      " [0. 0. 0. 0. 0. 1.]]\n",
      "Current Energy:  -2.826268166288844\n",
      "true energy  -2.8262712927716622\n",
      "dvec\n",
      "[((0.1278113177973088+0j), -1.0 [0^ 6] +\n",
      "-1.0 [1^ 7] +\n",
      "1.0 [6^ 0] +\n",
      "1.0 [7^ 1]), ((0.14967026201776473+0j), -1.0 [2^ 6] +\n",
      "-1.0 [3^ 7] +\n",
      "1.0 [6^ 2] +\n",
      "1.0 [7^ 3]), ((0.10954284802130045+0j), -1.0 [4^ 6] +\n",
      "-1.0 [5^ 7] +\n",
      "1.0 [6^ 4] +\n",
      "1.0 [7^ 5]), ((0.33448867604840976+0j), -1.0 [0^ 8] +\n",
      "-1.0 [1^ 9] +\n",
      "1.0 [8^ 0] +\n",
      "1.0 [9^ 1]), ((0.14038778575032118+0j), -1.0 [2^ 8] +\n",
      "-1.0 [3^ 9] +\n",
      "1.0 [8^ 2] +\n",
      "1.0 [9^ 3]), ((0.2629010113758772+0j), -1.0 [4^ 8] +\n",
      "-1.0 [5^ 9] +\n",
      "1.0 [8^ 4] +\n",
      "1.0 [9^ 5]), ((0.20587372459755487+0j), -1.0 [0^ 10] +\n",
      "-1.0 [1^ 11] +\n",
      "1.0 [10^ 0] +\n",
      "1.0 [11^ 1]), ((0.2186394292401788+0j), -1.0 [2^ 10] +\n",
      "-1.0 [3^ 11] +\n",
      "1.0 [10^ 2] +\n",
      "1.0 [11^ 3]), ((0.23781492643363744+0j), -1.0 [4^ 10] +\n",
      "-1.0 [5^ 11] +\n",
      "1.0 [10^ 4] +\n",
      "1.0 [11^ 5])]\n",
      "New fr values norm\n",
      "0.051986204144307414\n",
      "\n",
      "ITERATION NUMBER :  1\n",
      "\n",
      " unitary\n",
      "[[ 0.98389642  0.01872322 -0.03839118 -0.09592923 -0.10702297 -0.09729877]\n",
      " [ 0.01872322  0.92317564 -0.00126495  0.34627269 -0.09792622  0.13379184]\n",
      " [-0.03839118 -0.00126495  0.85968895 -0.09412702 -0.4916874  -0.09403736]\n",
      " [ 0.09592923 -0.34627269  0.09412702  0.92774284 -0.01313115 -0.03396633]\n",
      " [ 0.10702297  0.09792622  0.4916874  -0.01313115  0.85816974 -0.02392281]\n",
      " [ 0.09729877 -0.13379184  0.09403736 -0.03396633 -0.02392281  0.98084844]]\n",
      "Current Energy:  -2.8552544996768354\n",
      "true energy  -2.855588699277952\n",
      "dvec\n",
      "[((0.13011061460477233+0j), -1.0 [0^ 6] +\n",
      "-1.0 [1^ 7] +\n",
      "1.0 [6^ 0] +\n",
      "1.0 [7^ 1]), ((0.13552329394649215+0j), -1.0 [2^ 6] +\n",
      "-1.0 [3^ 7] +\n",
      "1.0 [6^ 2] +\n",
      "1.0 [7^ 3]), ((0.0897264911246463+0j), -1.0 [4^ 6] +\n",
      "-1.0 [5^ 7] +\n",
      "1.0 [6^ 4] +\n",
      "1.0 [7^ 5]), ((0.2521164400504106+0j), -1.0 [0^ 8] +\n",
      "-1.0 [1^ 9] +\n",
      "1.0 [8^ 0] +\n",
      "1.0 [9^ 1]), ((0.12646106875803803+0j), -1.0 [2^ 8] +\n",
      "-1.0 [3^ 9] +\n",
      "1.0 [8^ 2] +\n",
      "1.0 [9^ 3]), ((0.1960488307077657+0j), -1.0 [4^ 8] +\n",
      "-1.0 [5^ 9] +\n",
      "1.0 [8^ 4] +\n",
      "1.0 [9^ 5]), ((0.17380354354993294+0j), -1.0 [0^ 10] +\n",
      "-1.0 [1^ 11] +\n",
      "1.0 [10^ 0] +\n",
      "1.0 [11^ 1]), ((0.18751073854242342+0j), -1.0 [2^ 10] +\n",
      "-1.0 [3^ 11] +\n",
      "1.0 [10^ 2] +\n",
      "1.0 [11^ 3]), ((0.1910638311834468+0j), -1.0 [4^ 10] +\n",
      "-1.0 [5^ 11] +\n",
      "1.0 [10^ 4] +\n",
      "1.0 [11^ 5])]\n",
      "New fr values norm\n",
      "0.05645202855317728\n",
      "\n",
      "ITERATION NUMBER :  2\n",
      "\n",
      " unitary\n",
      "[[ 0.98875929  0.01628426 -0.02189971 -0.08819252 -0.08139036 -0.08489982]\n",
      " [ 0.02241244  0.91789155  0.00736563  0.35705664 -0.08711373  0.1477846 ]\n",
      " [-0.03348457 -0.0068925   0.87246881 -0.0825646  -0.47441735 -0.07576754]\n",
      " [ 0.08699537 -0.35778495  0.08266877  0.9254349  -0.00458363 -0.03371712]\n",
      " [ 0.07789865  0.08557817  0.47479403 -0.01310589  0.87209784 -0.02126946]\n",
      " [ 0.08423263 -0.14774546  0.07746505 -0.03625197 -0.01180358  0.98164239]]\n",
      "Current Energy:  -2.88040658580786\n",
      "true energy  -2.880659792268781\n",
      "dvec\n",
      "[((0.11912674352380048+0j), -1.0 [0^ 6] +\n",
      "-1.0 [1^ 7] +\n",
      "1.0 [6^ 0] +\n",
      "1.0 [7^ 1]), ((0.10892171725218419+0j), -1.0 [2^ 6] +\n",
      "-1.0 [3^ 7] +\n",
      "1.0 [6^ 2] +\n",
      "1.0 [7^ 3]), ((0.06954233365502951+0j), -1.0 [4^ 6] +\n",
      "-1.0 [5^ 7] +\n",
      "1.0 [6^ 4] +\n",
      "1.0 [7^ 5]), ((0.1637212447639697+0j), -1.0 [0^ 8] +\n",
      "-1.0 [1^ 9] +\n",
      "1.0 [8^ 0] +\n",
      "1.0 [9^ 1]), ((0.1148490361456482+0j), -1.0 [2^ 8] +\n",
      "-1.0 [3^ 9] +\n",
      "1.0 [8^ 2] +\n",
      "1.0 [9^ 3]), ((0.12936739578210793+0j), -1.0 [4^ 8] +\n",
      "-1.0 [5^ 9] +\n",
      "1.0 [8^ 4] +\n",
      "1.0 [9^ 5]), ((0.14442916049535898+0j), -1.0 [0^ 10] +\n",
      "-1.0 [1^ 11] +\n",
      "1.0 [10^ 0] +\n",
      "1.0 [11^ 1]), ((0.15487016963997502+0j), -1.0 [2^ 10] +\n",
      "-1.0 [3^ 11] +\n",
      "1.0 [10^ 2] +\n",
      "1.0 [11^ 3]), ((0.1399679504980091+0j), -1.0 [4^ 10] +\n",
      "-1.0 [5^ 11] +\n",
      "1.0 [10^ 4] +\n",
      "1.0 [11^ 5])]\n",
      "New fr values norm\n",
      "0.06686867502611708\n",
      "\n",
      "ITERATION NUMBER :  3\n",
      "\n",
      " unitary\n",
      "[[ 9.92894204e-01  1.14663541e-02 -5.86591418e-03 -7.72020286e-02\n",
      "  -5.51193603e-02 -7.06888735e-02]\n",
      " [ 2.60084584e-02  9.10778437e-01  1.71714189e-02  3.70411456e-01\n",
      "  -7.31979639e-02  1.64160754e-01]\n",
      " [-2.93829006e-02 -1.40934885e-02  8.84454068e-01 -6.97111461e-02\n",
      "  -4.56811335e-01 -5.60605035e-02]\n",
      " [ 7.42228059e-02 -3.71907049e-01  6.94081871e-02  9.22048703e-01\n",
      "   4.56315839e-03 -3.41173272e-02]\n",
      " [ 4.84154642e-02  7.07856301e-02  4.57289340e-01 -1.48913986e-02\n",
      "   8.84819919e-01 -2.00936136e-02]\n",
      " [ 6.90523231e-02 -1.63789735e-01  5.89974354e-02 -3.97491018e-02\n",
      "   4.54147740e-04  9.81500792e-01]]\n",
      "Current Energy:  -2.902420885322247\n",
      "true energy  -2.9019236083167836\n",
      "dvec\n",
      "[((0.10127171548573857+0j), -1.0 [0^ 6] +\n",
      "-1.0 [1^ 7] +\n",
      "1.0 [6^ 0] +\n",
      "1.0 [7^ 1]), ((0.0857808497873655+0j), -1.0 [2^ 6] +\n",
      "-1.0 [3^ 7] +\n",
      "1.0 [6^ 2] +\n",
      "1.0 [7^ 3]), ((0.05214444716671609+0j), -1.0 [4^ 6] +\n",
      "-1.0 [5^ 7] +\n",
      "1.0 [6^ 4] +\n",
      "1.0 [7^ 5]), ((0.07119185010920366+0j), -1.0 [0^ 8] +\n",
      "-1.0 [1^ 9] +\n",
      "1.0 [8^ 0] +\n",
      "1.0 [9^ 1]), ((0.08714144510575489+0j), -1.0 [2^ 8] +\n",
      "-1.0 [3^ 9] +\n",
      "1.0 [8^ 2] +\n",
      "1.0 [9^ 3]), ((0.06358516262397912+0j), -1.0 [4^ 8] +\n",
      "-1.0 [5^ 9] +\n",
      "1.0 [8^ 4] +\n",
      "1.0 [9^ 5]), ((0.09688594935621281+0j), -1.0 [0^ 10] +\n",
      "-1.0 [1^ 11] +\n",
      "1.0 [10^ 0] +\n",
      "1.0 [11^ 1]), ((0.10486497054781782+0j), -1.0 [2^ 10] +\n",
      "-1.0 [3^ 11] +\n",
      "1.0 [10^ 2] +\n",
      "1.0 [11^ 3]), ((0.08734597928585477+0j), -1.0 [4^ 10] +\n",
      "-1.0 [5^ 11] +\n",
      "1.0 [10^ 4] +\n",
      "1.0 [11^ 5])]\n",
      "New fr values norm\n",
      "0.07449832425893176\n",
      "\n",
      "ITERATION NUMBER :  4\n",
      "\n",
      " unitary\n",
      "[[ 0.99632156  0.00252964  0.00970162 -0.06114838 -0.02806212 -0.05211739]\n",
      " [ 0.02943085  0.900588    0.02984695  0.38730488 -0.05224389  0.18560642]\n",
      " [-0.02607619 -0.02412216  0.89592601 -0.0539552  -0.43819123 -0.03364536]\n",
      " [ 0.0553178  -0.38969341  0.05231165  0.91698001  0.01494066 -0.0355939 ]\n",
      " [ 0.01849542  0.05002276  0.43842813 -0.02030859  0.89669788 -0.02137524]\n",
      " [ 0.04893943 -0.18436308  0.03709291 -0.04560564  0.01346225  0.97978477]]\n",
      "Current Energy:  -2.9162779627736177\n",
      "true energy  -2.9162362944940057\n",
      "dvec\n",
      "[((0.0643334261328952+0j), -1.0 [0^ 6] +\n",
      "-1.0 [1^ 7] +\n",
      "1.0 [6^ 0] +\n",
      "1.0 [7^ 1]), ((0.04036989993076018+0j), -1.0 [2^ 6] +\n",
      "-1.0 [3^ 7] +\n",
      "1.0 [6^ 2] +\n",
      "1.0 [7^ 3]), ((0.042375768789754076+0j), -1.0 [4^ 6] +\n",
      "-1.0 [5^ 7] +\n",
      "1.0 [6^ 4] +\n",
      "1.0 [7^ 5]), ((0.0033104481701164215+0j), -1.0 [0^ 8] +\n",
      "-1.0 [1^ 9] +\n",
      "1.0 [8^ 0] +\n",
      "1.0 [9^ 1]), ((0.06318251614349238+0j), -1.0 [2^ 8] +\n",
      "-1.0 [3^ 9] +\n",
      "1.0 [8^ 2] +\n",
      "1.0 [9^ 3]), ((0.027298464001596662+0j), -1.0 [4^ 8] +\n",
      "-1.0 [5^ 9] +\n",
      "1.0 [8^ 4] +\n",
      "1.0 [9^ 5]), ((0.055020432085014656+0j), -1.0 [0^ 10] +\n",
      "-1.0 [1^ 11] +\n",
      "1.0 [10^ 0] +\n",
      "1.0 [11^ 1]), ((0.05076539206072206+0j), -1.0 [2^ 10] +\n",
      "-1.0 [3^ 11] +\n",
      "1.0 [10^ 2] +\n",
      "1.0 [11^ 3]), ((0.0285281770739979+0j), -1.0 [4^ 10] +\n",
      "-1.0 [5^ 11] +\n",
      "1.0 [10^ 4] +\n",
      "1.0 [11^ 5])]\n",
      "New fr values norm\n",
      "0.05787592467148271\n",
      "\n",
      "ITERATION NUMBER :  5\n",
      "\n",
      " unitary\n",
      "[[ 0.99848    -0.0121925   0.02069579 -0.03768777 -0.00757269 -0.03135289]\n",
      " [ 0.03176796  0.88569865  0.04452539  0.40972617 -0.02412019  0.20997349]\n",
      " [-0.02402413 -0.03798083  0.9047374  -0.03382577 -0.42210931 -0.01049211]\n",
      " [ 0.02761951 -0.41280174  0.02939326  0.9086884   0.02672934 -0.03922833]\n",
      " [-0.00355429  0.0238424   0.42190035 -0.03046573  0.90543513 -0.0260398 ]\n",
      " [ 0.02599725 -0.20729919  0.0132494  -0.05401071  0.02563927  0.97601286]]\n",
      "Current Energy:  -2.922000133392779\n",
      "true energy  -2.9219220176482206\n",
      "dvec\n",
      "[((0.03526524360024974+0j), -1.0 [0^ 6] +\n",
      "-1.0 [1^ 7] +\n",
      "1.0 [6^ 0] +\n",
      "1.0 [7^ 1]), ((0.019047097410271913+0j), -1.0 [2^ 6] +\n",
      "-1.0 [3^ 7] +\n",
      "1.0 [6^ 2] +\n",
      "1.0 [7^ 3]), ((0.025439518675594686+0j), -1.0 [4^ 6] +\n",
      "-1.0 [5^ 7] +\n",
      "1.0 [6^ 4] +\n",
      "1.0 [7^ 5]), ((-0.012008737152670252+0j), -1.0 [0^ 8] +\n",
      "-1.0 [1^ 9] +\n",
      "1.0 [8^ 0] +\n",
      "1.0 [9^ 1]), ((0.025156369528502007+0j), -1.0 [2^ 8] +\n",
      "-1.0 [3^ 9] +\n",
      "1.0 [8^ 2] +\n",
      "1.0 [9^ 3]), ((0.00888038836550023+0j), -1.0 [4^ 8] +\n",
      "-1.0 [5^ 9] +\n",
      "1.0 [8^ 4] +\n",
      "1.0 [9^ 5]), ((0.02598306405851533+0j), -1.0 [0^ 10] +\n",
      "-1.0 [1^ 11] +\n",
      "1.0 [10^ 0] +\n",
      "1.0 [11^ 1]), ((0.01141286364088552+0j), -1.0 [2^ 10] +\n",
      "-1.0 [3^ 11] +\n",
      "1.0 [10^ 2] +\n",
      "1.0 [11^ 3]), ((0.024384531044790388+0j), -1.0 [4^ 10] +\n",
      "-1.0 [5^ 11] +\n",
      "1.0 [10^ 4] +\n",
      "1.0 [11^ 5])]\n",
      "New fr values norm\n",
      "0.031622351717069334\n",
      "\n",
      "ITERATION NUMBER :  6\n",
      "\n",
      " unitary\n",
      "[[ 0.99914871 -0.02598092  0.02178162 -0.01703747 -0.00508648 -0.01537056]\n",
      " [ 0.03221144  0.8748161   0.05745419  0.42354072  0.00418464  0.22572986]\n",
      " [-0.02345644 -0.05156854  0.90930362 -0.01036612 -0.41212697 -0.00115038]\n",
      " [ 0.00376504 -0.4266231   0.0035045   0.90261019  0.03831543 -0.04234432]\n",
      " [-0.00562342 -0.00210995  0.41155229 -0.04271587  0.90978485 -0.03248863]\n",
      " [ 0.00826249 -0.22215027  0.00198526 -0.06071012  0.03051931  0.9726047 ]]\n",
      "Current Energy:  -2.9234934352251583\n",
      "true energy  -2.9234371332909905\n",
      "dvec\n",
      "[((0.006286875003045147+0j), -1.0 [0^ 6] +\n",
      "-1.0 [1^ 7] +\n",
      "1.0 [6^ 0] +\n",
      "1.0 [7^ 1]), ((0.0024566084964361135+0j), -1.0 [2^ 6] +\n",
      "-1.0 [3^ 7] +\n",
      "1.0 [6^ 2] +\n",
      "1.0 [7^ 3]), ((0.014998224898856716+0j), -1.0 [4^ 6] +\n",
      "-1.0 [5^ 7] +\n",
      "1.0 [6^ 4] +\n",
      "1.0 [7^ 5]), ((-0.008327073995475729+0j), -1.0 [0^ 8] +\n",
      "-1.0 [1^ 9] +\n",
      "1.0 [8^ 0] +\n",
      "1.0 [9^ 1]), ((0.021415839110414045+0j), -1.0 [2^ 8] +\n",
      "-1.0 [3^ 9] +\n",
      "1.0 [8^ 2] +\n",
      "1.0 [9^ 3]), ((0.0064428272532459085+0j), -1.0 [4^ 8] +\n",
      "-1.0 [5^ 9] +\n",
      "1.0 [8^ 4] +\n",
      "1.0 [9^ 5]), ((0.015520768138799039+0j), -1.0 [0^ 10] +\n",
      "-1.0 [1^ 11] +\n",
      "1.0 [10^ 0] +\n",
      "1.0 [11^ 1]), ((0.0029476100025213614+0j), -1.0 [2^ 10] +\n",
      "-1.0 [3^ 11] +\n",
      "1.0 [10^ 2] +\n",
      "1.0 [11^ 3]), ((0.0057445354266534845+0j), -1.0 [4^ 10] +\n",
      "-1.0 [5^ 11] +\n",
      "1.0 [10^ 4] +\n",
      "1.0 [11^ 5])]\n",
      "New fr values norm\n",
      "0.017124677024288278\n",
      "\n",
      "ITERATION NUMBER :  7\n",
      "\n",
      " unitary\n",
      "[[ 9.99153548e-01 -3.40223386e-02  1.95571238e-02 -4.57624136e-03\n",
      "  -8.93403515e-03 -7.17129782e-03]\n",
      " [ 3.21575200e-02  8.69851338e-01  6.27005540e-02  4.30830986e-01\n",
      "   1.64916301e-02  2.29141596e-01]\n",
      " [-2.34854979e-02 -6.14358075e-02  9.10574906e-01  4.73733581e-03\n",
      "  -4.07975517e-01  7.80693650e-03]\n",
      " [-1.02788954e-02 -4.33092431e-01 -1.33740712e-02  8.98948857e-01\n",
      "   4.55504440e-02 -4.43005008e-02]\n",
      " [-7.67521034e-04 -1.33672474e-02  4.07801231e-01 -4.82925743e-02\n",
      "   9.11002891e-01 -3.55027151e-02]\n",
      " [-5.17308346e-04 -2.25120044e-01 -7.66743731e-03 -6.24504350e-02\n",
      "   3.46853834e-02  9.71678330e-01]]\n",
      "Current Energy:  -2.9239048312535156\n",
      "true energy  -2.9238640380022383\n",
      "dvec\n",
      "[((0.004026520295850581+0j), -1.0 [0^ 6] +\n",
      "-1.0 [1^ 7] +\n",
      "1.0 [6^ 0] +\n",
      "1.0 [7^ 1]), ((0.005793722766195247+0j), -1.0 [2^ 6] +\n",
      "-1.0 [3^ 7] +\n",
      "1.0 [6^ 2] +\n",
      "1.0 [7^ 3]), ((0.007770879988886526+0j), -1.0 [4^ 6] +\n",
      "-1.0 [5^ 7] +\n",
      "1.0 [6^ 4] +\n",
      "1.0 [7^ 5]), ((-0.0004472641114813356+0j), -1.0 [0^ 8] +\n",
      "-1.0 [1^ 9] +\n",
      "1.0 [8^ 0] +\n",
      "1.0 [9^ 1]), ((0.008878571738021179+0j), -1.0 [2^ 8] +\n",
      "-1.0 [3^ 9] +\n",
      "1.0 [8^ 2] +\n",
      "1.0 [9^ 3]), ((-0.005027120003380209+0j), -1.0 [4^ 8] +\n",
      "-1.0 [5^ 9] +\n",
      "1.0 [8^ 4] +\n",
      "1.0 [9^ 5]), ((0.00400581585746316+0j), -1.0 [0^ 10] +\n",
      "-1.0 [1^ 11] +\n",
      "1.0 [10^ 0] +\n",
      "1.0 [11^ 1]), ((0.006035594985301443+0j), -1.0 [2^ 10] +\n",
      "-1.0 [3^ 11] +\n",
      "1.0 [10^ 2] +\n",
      "1.0 [11^ 3]), ((0.007420836234765876+0j), -1.0 [4^ 10] +\n",
      "-1.0 [5^ 11] +\n",
      "1.0 [10^ 4] +\n",
      "1.0 [11^ 5])]\n",
      "New fr values norm\n",
      "0.008977538294233312\n",
      "\n",
      "ITERATION NUMBER :  8\n",
      "\n",
      " unitary\n",
      "[[ 0.99910476 -0.03624707  0.01800405 -0.00245524 -0.01190197 -0.00200137]\n",
      " [ 0.0321502   0.86888556  0.06715876  0.43125695  0.02665673  0.22978425]\n",
      " [-0.0236105  -0.06654862  0.91135995  0.01386628 -0.40515824  0.00955977]\n",
      " [-0.01259548 -0.43335677 -0.02302899  0.89835337  0.04980514 -0.04464968]\n",
      " [ 0.0025253  -0.02294173  0.40491747 -0.05309037  0.91172408 -0.03807569]\n",
      " [-0.00579413 -0.22576735 -0.01000504 -0.06294257  0.03568214  0.97142187]]\n",
      "Current Energy:  -2.923968075386709\n",
      "true energy  -2.9239804196787906\n",
      "dvec\n",
      "[((0.0028979740485705436+0j), -1.0 [0^ 6] +\n",
      "-1.0 [1^ 7] +\n",
      "1.0 [6^ 0] +\n",
      "1.0 [7^ 1]), ((0.0011931030174908153+0j), -1.0 [2^ 6] +\n",
      "-1.0 [3^ 7] +\n",
      "1.0 [6^ 2] +\n",
      "1.0 [7^ 3]), ((0.004479187803855268+0j), -1.0 [4^ 6] +\n",
      "-1.0 [5^ 7] +\n",
      "1.0 [6^ 4] +\n",
      "1.0 [7^ 5]), ((-0.0017794867993599014+0j), -1.0 [0^ 8] +\n",
      "-1.0 [1^ 9] +\n",
      "1.0 [8^ 0] +\n",
      "1.0 [9^ 1]), ((0.005480822432045748+0j), -1.0 [2^ 8] +\n",
      "-1.0 [3^ 9] +\n",
      "1.0 [8^ 2] +\n",
      "1.0 [9^ 3]), ((0.0003899185180518683+0j), -1.0 [4^ 8] +\n",
      "-1.0 [5^ 9] +\n",
      "1.0 [8^ 4] +\n",
      "1.0 [9^ 5]), ((0.008679631120790683+0j), -1.0 [0^ 10] +\n",
      "-1.0 [1^ 11] +\n",
      "1.0 [10^ 0] +\n",
      "1.0 [11^ 1]), ((-6.365872510893933e-05+0j), -1.0 [2^ 10] +\n",
      "-1.0 [3^ 11] +\n",
      "1.0 [10^ 2] +\n",
      "1.0 [11^ 3]), ((0.008935817302009232+0j), -1.0 [4^ 10] +\n",
      "-1.0 [5^ 11] +\n",
      "1.0 [10^ 4] +\n",
      "1.0 [11^ 5])]\n",
      "New fr values norm\n",
      "0.006514227293164631\n",
      "\n",
      "ITERATION NUMBER :  9\n",
      "\n",
      " unitary\n",
      "[[ 9.99073734e-01 -3.72555403e-02  1.78684616e-02 -1.08014711e-03\n",
      "  -1.19461404e-02 -7.34445880e-04]\n",
      " [ 3.21096552e-02  8.67043543e-01  6.89130950e-02  4.33346083e-01\n",
      "   3.10419163e-02  2.31739123e-01]\n",
      " [-2.37074311e-02 -6.95398246e-02  9.10411524e-01  1.86223787e-02\n",
      "  -4.06513696e-01  1.23632416e-02]\n",
      " [-1.41722640e-02 -4.35330997e-01 -2.81644082e-02  8.97072646e-01\n",
      "   5.19358700e-02 -4.53450131e-02]\n",
      " [ 2.52658920e-03 -2.70413546e-02  4.06350775e-01 -5.50332569e-02\n",
      "   9.10814632e-01 -3.91085055e-02]\n",
      " [-7.16691259e-03 -2.27524549e-01 -1.29759113e-02 -6.39939170e-02\n",
      "   3.68737729e-02  9.70854234e-01]]\n",
      "Current Energy:  -2.9240248781263727\n",
      "true energy  -2.9240254356809823\n",
      "dvec\n",
      "[((0.0016085670319634267+0j), -1.0 [0^ 6] +\n",
      "-1.0 [1^ 7] +\n",
      "1.0 [6^ 0] +\n",
      "1.0 [7^ 1]), ((-0.002242523103008598+0j), -1.0 [2^ 6] +\n",
      "-1.0 [3^ 7] +\n",
      "1.0 [6^ 2] +\n",
      "1.0 [7^ 3]), ((0.0050272162189983404+0j), -1.0 [4^ 6] +\n",
      "-1.0 [5^ 7] +\n",
      "1.0 [6^ 4] +\n",
      "1.0 [7^ 5]), ((0.0011055732330558753+0j), -1.0 [0^ 8] +\n",
      "-1.0 [1^ 9] +\n",
      "1.0 [8^ 0] +\n",
      "1.0 [9^ 1]), ((0.0023503395802998636+0j), -1.0 [2^ 8] +\n",
      "-1.0 [3^ 9] +\n",
      "1.0 [8^ 2] +\n",
      "1.0 [9^ 3]), ((0.005580392834895781+0j), -1.0 [4^ 8] +\n",
      "-1.0 [5^ 9] +\n",
      "1.0 [8^ 4] +\n",
      "1.0 [9^ 5]), ((-0.0038920825374687096+0j), -1.0 [0^ 10] +\n",
      "-1.0 [1^ 11] +\n",
      "1.0 [10^ 0] +\n",
      "1.0 [11^ 1]), ((-0.004306232078678751+0j), -1.0 [2^ 10] +\n",
      "-1.0 [3^ 11] +\n",
      "1.0 [10^ 2] +\n",
      "1.0 [11^ 3]), ((0.0020818639461539492+0j), -1.0 [4^ 10] +\n",
      "-1.0 [5^ 11] +\n",
      "1.0 [10^ 4] +\n",
      "1.0 [11^ 5])]\n",
      "New fr values norm\n",
      "0.005036207172750595\n",
      "\n",
      "ITERATION NUMBER :  10\n",
      "\n",
      " unitary\n",
      "[[ 9.99028837e-01 -3.84157087e-02  1.74783363e-02 -1.83363433e-04\n",
      "  -1.24729047e-02  2.12551877e-03]\n",
      " [ 3.21095514e-02  8.66720571e-01  7.00436084e-02  4.33702774e-01\n",
      "   3.36430586e-02  2.31577999e-01]\n",
      " [-2.37847116e-02 -7.17416114e-02  9.10325162e-01  2.11769102e-02\n",
      "  -4.06075742e-01  1.57974118e-02]\n",
      " [-1.52795271e-02 -4.35561614e-01 -3.10656322e-02  8.96763678e-01\n",
      "   5.31995272e-02 -4.55220723e-02]\n",
      " [ 3.20696258e-03 -2.95079848e-02  4.06033182e-01 -5.62609457e-02\n",
      "   9.10774154e-01 -3.97642519e-02]\n",
      " [-1.00448674e-02 -2.27130325e-01 -1.63854142e-02 -6.40548273e-02\n",
      "   3.84098103e-02  9.70805902e-01]]\n",
      "Current Energy:  -2.9240293277186375\n",
      "true energy  -2.9240441020600043\n",
      "dvec\n",
      "[((0.005570317259800735+0j), -1.0 [0^ 6] +\n",
      "-1.0 [1^ 7] +\n",
      "1.0 [6^ 0] +\n",
      "1.0 [7^ 1]), ((8.357055688393289e-05+0j), -1.0 [2^ 6] +\n",
      "-1.0 [3^ 7] +\n",
      "1.0 [6^ 2] +\n",
      "1.0 [7^ 3]), ((-0.0016900347720665062+0j), -1.0 [4^ 6] +\n",
      "-1.0 [5^ 7] +\n",
      "1.0 [6^ 4] +\n",
      "1.0 [7^ 5]), ((0.0032765194390528204+0j), -1.0 [0^ 8] +\n",
      "-1.0 [1^ 9] +\n",
      "1.0 [8^ 0] +\n",
      "1.0 [9^ 1]), ((0.003129609797896896+0j), -1.0 [2^ 8] +\n",
      "-1.0 [3^ 9] +\n",
      "1.0 [8^ 2] +\n",
      "1.0 [9^ 3]), ((0.0013459462433874358+0j), -1.0 [4^ 8] +\n",
      "-1.0 [5^ 9] +\n",
      "1.0 [8^ 4] +\n",
      "1.0 [9^ 5]), ((-0.0038805458716431387+0j), -1.0 [0^ 10] +\n",
      "-1.0 [1^ 11] +\n",
      "1.0 [10^ 0] +\n",
      "1.0 [11^ 1]), ((0.004339802825223185+0j), -1.0 [2^ 10] +\n",
      "-1.0 [3^ 11] +\n",
      "1.0 [10^ 2] +\n",
      "1.0 [11^ 3]), ((0.007079421115950898+0j), -1.0 [4^ 10] +\n",
      "-1.0 [5^ 11] +\n",
      "1.0 [10^ 4] +\n",
      "1.0 [11^ 5])]\n",
      "New fr values norm\n",
      "0.004934590412051362\n",
      "Finished Optimization\n"
     ]
    }
   ],
   "source": [
    "from recirq.hfvqe.mfopt import moving_frame_augmented_hessian_optimizer\n",
    "from recirq.hfvqe.opdm_functionals import RDMGenerator\n",
    "\n",
    "rdm_generator = RDMGenerator(opdm_func, purification=True)\n",
    "opdm_generator = rdm_generator.opdm_generator\n",
    "\n",
    "result = moving_frame_augmented_hessian_optimizer(\n",
    "    rhf_objective=rhf_objective,\n",
    "    initial_parameters=parameters + 1.0E-1,\n",
    "    opdm_aa_measurement_func=opdm_generator,\n",
    "    verbose=True, delta=0.03,\n",
    "    max_iter=20,\n",
    "    hessian_update='diagonal',\n",
    "    rtol=0.50E-2)"
   ]
  },
  {
   "cell_type": "code",
   "execution_count": 5,
   "metadata": {},
   "outputs": [
    {
     "data": {
